0 0.299219 0.182812 0.073438 0.090625
0 0.381250 0.181250 0.084375 0.112500
0 0.378125 0.111719 0.090625 0.104688
0 0.491406 0.099219 0.089063 0.120313
0 0.478906 0.180469 0.082812 0.089063
0 0.585938 0.172656 0.093750 0.114062
0 0.605469 0.091406 0.089063 0.095312
0 0.687500 0.106250 0.065625 0.096875
0 0.675000 0.181250 0.084375 0.096875
0 0.778125 0.157031 0.090625 0.126562
0 0.837500 0.159375 0.040625 0.100000
0 0.326562 0.298438 0.093750 0.146875
0 0.434375 0.296875 0.093750 0.109375
0 0.537500 0.289062 0.084375 0.115625
0 0.632031 0.292969 0.082812 0.101562
0 0.719531 0.289844 0.076563 0.098437
0 0.823438 0.285156 0.115625 0.107813
0 0.367188 0.438281 0.081250 0.107813
0 0.486719 0.418750 0.107813 0.103125
0 0.306250 0.579688 0.084375 0.112500
0 0.391406 0.552344 0.079687 0.098437
0 0.478906 0.530469 0.089063 0.098437
0 0.572656 0.421094 0.085938 0.089063
0 0.651563 0.438281 0.084375 0.107813
0 0.723437 0.453125 0.084375 0.096875
0 0.804688 0.444531 0.084375 0.126562
0 0.605469 0.503125 0.082812 0.121875
0 0.672656 0.554688 0.073438 0.096875
0 0.759375 0.542188 0.096875 0.118750
0 0.813281 0.607812 0.067187 0.112500
0 0.320312 0.679688 0.075000 0.103125
0 0.406250 0.664062 0.093750 0.103125
0 0.485156 0.623437 0.076563 0.134375
0 0.614062 0.607812 0.084375 0.137500
0 0.550000 0.591406 0.081250 0.120313
0 0.668750 0.661719 0.087500 0.132812
0 0.744531 0.649219 0.104688 0.135937
0 0.325781 0.775000 0.073438 0.118750
0 0.418750 0.775000 0.081250 0.100000
0 0.513281 0.766406 0.079687 0.123438
0 0.578906 0.689063 0.085938 0.140625
0 0.635156 0.764844 0.082812 0.123438
0 0.713281 0.765625 0.101562 0.103125
0 0.799219 0.722656 0.098437 0.101562
0 0.428906 0.449219 0.057813 0.082812
0 0.323437 0.503125 0.081250 0.081250
0 0.821875 0.602344 0.071875 0.135937
