0 0.516406 0.479687 0.332813 0.478125
0 0.630469 0.161719 0.332813 0.317188
0 0.286719 0.406250 0.264062 0.412500
0 0.100781 0.546875 0.198437 0.375000
0 0.145313 0.889062 0.259375 0.221875
0 0.424219 0.838281 0.317188 0.323437
0 0.691406 0.710938 0.279687 0.431250
0 0.895312 0.857812 0.209375 0.284375
0 0.702344 0.950781 0.210938 0.098437
0 0.122656 0.178125 0.239063 0.346875
0 0.338281 0.057813 0.242188 0.112500
0 0.887500 0.045312 0.165625 0.087500
0 0.873437 0.307812 0.253125 0.465625
0 0.970313 0.617969 0.059375 0.264062
0 0.214062 0.728906 0.231250 0.226562
