0 0.178906 0.148438 0.039062 0.040625
0 0.234375 0.110937 0.034375 0.034375
0 0.278906 0.111719 0.029687 0.039062
0 0.260156 0.139844 0.039062 0.039062
0 0.232031 0.166406 0.035937 0.035937
0 0.095312 0.260937 0.040625 0.037500
0 0.100000 0.290625 0.034375 0.037500
0 0.089844 0.324219 0.045312 0.039062
0 0.075781 0.433594 0.042188 0.048438
0 0.150781 0.364844 0.039062 0.048438
0 0.105469 0.367188 0.032813 0.040625
0 0.196094 0.262500 0.039062 0.043750
0 0.154688 0.192969 0.043750 0.042188
0 0.310937 0.172656 0.034375 0.045312
0 0.290625 0.187500 0.037500 0.040625
0 0.226562 0.330469 0.031250 0.045312
0 0.254688 0.209375 0.037500 0.043750
0 0.379688 0.186719 0.031250 0.042188
0 0.301563 0.234375 0.034375 0.046875
0 0.145313 0.406250 0.028125 0.046875
0 0.184375 0.416406 0.040625 0.035937
0 0.296875 0.335938 0.034375 0.037500
0 0.317969 0.350000 0.035937 0.034375
0 0.358594 0.275781 0.035937 0.042188
0 0.402344 0.265625 0.032813 0.043750
0 0.433594 0.258594 0.026562 0.045312
0 0.428906 0.291406 0.035937 0.042188
0 0.207031 0.487500 0.039062 0.040625
0 0.168750 0.478906 0.031250 0.042188
0 0.097656 0.571875 0.035937 0.059375
0 0.189844 0.646094 0.029687 0.035937
0 0.396094 0.604688 0.035937 0.037500
0 0.382812 0.620313 0.043750 0.031250
0 0.332031 0.603906 0.026562 0.035937
0 0.299219 0.512500 0.048438 0.043750
0 0.260937 0.502344 0.028125 0.048438
0 0.299219 0.412500 0.042188 0.040625
0 0.346094 0.454688 0.032813 0.040625
0 0.404687 0.447656 0.043750 0.042188
0 0.399219 0.507031 0.032813 0.039062
0 0.365625 0.519531 0.040625 0.045312
0 0.471094 0.467187 0.035937 0.034375
0 0.492188 0.502344 0.034375 0.029687
0 0.507031 0.452344 0.039062 0.032813
0 0.523438 0.342969 0.050000 0.035937
0 0.420312 0.331250 0.046875 0.031250
0 0.210938 0.524219 0.031250 0.035937
0 0.184375 0.525000 0.034375 0.034375
0 0.501563 0.302344 0.031250 0.032813
0 0.360156 0.369531 0.026562 0.032813
0 0.391406 0.408594 0.054688 0.026562
0 0.510156 0.364063 0.035937 0.031250
0 0.431250 0.514844 0.018750 0.032813
0 0.442969 0.908594 0.020313 0.023438
0 0.217969 0.926562 0.029687 0.031250
0 0.320312 0.933594 0.031250 0.026562
0 0.386719 0.922656 0.026562 0.029687
