0 0.115625 0.144531 0.156250 0.210938
0 0.275000 0.171875 0.146875 0.193750
0 0.436719 0.185938 0.129688 0.187500
0 0.562500 0.200781 0.115625 0.160938
0 0.672656 0.218750 0.092188 0.137500
0 0.776563 0.258594 0.096875 0.148438
0 0.871875 0.294531 0.078125 0.126562
0 0.078906 0.313281 0.098437 0.085938
0 0.210156 0.310937 0.164062 0.225000
0 0.376563 0.325000 0.146875 0.193750
0 0.512500 0.346094 0.115625 0.214062
0 0.627344 0.345313 0.107813 0.168750
0 0.736719 0.357031 0.098437 0.151562
0 0.844531 0.392188 0.107813 0.159375
0 0.089844 0.460938 0.167187 0.187500
0 0.306250 0.478906 0.146875 0.192188
0 0.442969 0.496875 0.148438 0.187500
0 0.585938 0.485938 0.112500 0.181250
0 0.686719 0.489063 0.126562 0.156250
0 0.796094 0.501563 0.120313 0.153125
0 0.901563 0.497656 0.103125 0.157812
0 0.075000 0.654687 0.100000 0.156250
0 0.188281 0.623437 0.176563 0.221875
0 0.373437 0.646094 0.168750 0.207813
0 0.525781 0.648438 0.129688 0.178125
0 0.653125 0.642969 0.112500 0.201563
0 0.760156 0.635156 0.089063 0.160938
0 0.865625 0.630469 0.106250 0.160938
0 0.095312 0.839844 0.178125 0.248438
0 0.271094 0.839063 0.148438 0.228125
0 0.456250 0.825000 0.150000 0.206250
0 0.596094 0.825781 0.107813 0.217188
0 0.714063 0.789062 0.128125 0.206250
0 0.838281 0.763281 0.107813 0.170313
0 0.928906 0.732031 0.082812 0.173437
0 0.498437 0.960938 0.078125 0.078125
0 0.408594 0.989062 0.064062 0.021875
0 0.541406 0.953906 0.045312 0.045312
0 0.632031 0.935156 0.082812 0.079687
0 0.947656 0.182812 0.045312 0.081250
0 0.989062 0.188281 0.021875 0.064062
0 0.958594 0.282813 0.045312 0.081250
0 0.985938 0.339844 0.028125 0.095312
0 0.957031 0.377344 0.051562 0.070312
0 0.970313 0.482031 0.046875 0.092188
0 0.982812 0.582812 0.034375 0.096875
0 0.988281 0.686719 0.023438 0.082812
0 0.456250 0.066406 0.040625 0.060937
0 0.493750 0.078906 0.025000 0.045312
0 0.540625 0.097656 0.034375 0.045312
0 0.720313 0.039062 0.031250 0.046875
0 0.743750 0.082031 0.034375 0.057813
0 0.874219 0.124219 0.035937 0.054688
0 0.864062 0.061719 0.031250 0.039062
0 0.922656 0.080469 0.039062 0.054688
0 0.952344 0.104688 0.032813 0.040625
