0 0.378125 0.125000 0.096875 0.093750
0 0.377344 0.216406 0.107813 0.114062
0 0.302344 0.203906 0.085938 0.107813
0 0.319531 0.321094 0.092188 0.160938
0 0.436719 0.331250 0.085938 0.143750
0 0.529687 0.318750 0.090625 0.156250
0 0.489844 0.121875 0.089063 0.131250
0 0.478906 0.203125 0.082812 0.112500
0 0.603125 0.097656 0.093750 0.089063
0 0.578906 0.181250 0.085938 0.121875
0 0.685937 0.111719 0.075000 0.067187
0 0.774219 0.178906 0.089063 0.148438
0 0.830469 0.182812 0.057813 0.118750
0 0.621094 0.315625 0.073438 0.134375
0 0.715625 0.324219 0.081250 0.157812
0 0.820312 0.317188 0.081250 0.128125
0 0.363281 0.478906 0.079687 0.123438
0 0.491406 0.459375 0.085938 0.131250
0 0.582812 0.460156 0.071875 0.104688
0 0.640625 0.473438 0.078125 0.109375
0 0.724219 0.500781 0.095312 0.120313
0 0.807813 0.480469 0.087500 0.123438
0 0.326562 0.556250 0.093750 0.090625
0 0.400781 0.603125 0.079687 0.100000
0 0.305469 0.637500 0.085938 0.121875
0 0.332031 0.759375 0.092188 0.134375
0 0.325000 0.860938 0.084375 0.115625
0 0.412500 0.850000 0.103125 0.137500
0 0.399219 0.725781 0.107813 0.120313
0 0.485156 0.687500 0.095312 0.131250
0 0.524219 0.842969 0.089063 0.139063
0 0.577344 0.772656 0.095312 0.132812
0 0.639062 0.846094 0.090625 0.129688
0 0.611719 0.550000 0.070312 0.100000
0 0.428906 0.505469 0.060937 0.107813
0 0.481250 0.571094 0.084375 0.117188
0 0.494531 0.685156 0.089063 0.126562
0 0.555469 0.639844 0.079687 0.129688
0 0.660156 0.597656 0.076563 0.107813
0 0.756250 0.603906 0.090625 0.126562
0 0.815625 0.669531 0.100000 0.126562
0 0.746094 0.714844 0.067187 0.145313
0 0.668750 0.728906 0.084375 0.132812
0 0.538281 0.649219 0.092188 0.139063
0 0.723437 0.833594 0.081250 0.135937
0 0.818750 0.795312 0.100000 0.140625
0 0.828125 0.669531 0.062500 0.117188
