0 0.140625 0.305469 0.171875 0.195312
0 0.325781 0.303906 0.176563 0.217188
0 0.489844 0.314844 0.192188 0.192188
0 0.657031 0.308594 0.170313 0.157812
0 0.846875 0.307812 0.159375 0.187500
0 0.169531 0.591406 0.135937 0.167187
0 0.303906 0.604688 0.101562 0.159375
0 0.139063 0.757812 0.134375 0.178125
0 0.270313 0.765625 0.146875 0.212500
0 0.421875 0.773438 0.118750 0.171875
0 0.429688 0.598437 0.134375 0.168750
0 0.561719 0.607031 0.145313 0.164062
0 0.546875 0.768750 0.153125 0.184375
0 0.700781 0.774219 0.154688 0.201563
0 0.717969 0.600000 0.139063 0.162500
0 0.847656 0.600781 0.160938 0.179688
0 0.762500 0.546094 0.131250 0.098437
0 0.844531 0.765625 0.167187 0.203125
0 0.131250 0.033594 0.140625 0.057813
