0 0.039062 0.379688 0.071875 0.256250
0 0.167969 0.389844 0.182812 0.242188
0 0.355469 0.386719 0.192188 0.270313
0 0.550781 0.386719 0.214062 0.248438
0 0.775000 0.381250 0.193750 0.256250
0 0.939844 0.374219 0.120313 0.257812
0 0.121875 0.617969 0.203125 0.285938
0 0.322656 0.630469 0.182812 0.267188
0 0.530469 0.625781 0.201563 0.285938
0 0.753125 0.633594 0.225000 0.301563
0 0.932031 0.641406 0.135937 0.282813
0 0.189062 0.024219 0.231250 0.042188
0 0.453906 0.032031 0.251563 0.060937
0 0.717187 0.032031 0.243750 0.057813
0 0.928125 0.033594 0.143750 0.057813
